GO.ID	Description	p.Val	FDR	Phenotype	Genes
GO:0051607	defense response to virus	0.029709992770560568	0.029709992770560568	+1	ENSG00000130303,ENSG00000137959,ENSG00000105373,ENSG00000168209,ENSG00000105939,ENSG00000142089,ENSG00000204010,ENSG00000225830
GO:0140546	defense response to symbiont	0.029709992770560568	0.029709992770560568	+1	ENSG00000130303,ENSG00000137959,ENSG00000105373,ENSG00000168209,ENSG00000105939,ENSG00000142089,ENSG00000204010,ENSG00000225830